data/heteroskedastic-1024.ecsv
# %ECSV 1.0
# ---
# datatype:
# - {name: x, datatype: float64}
# - {name: y, datatype: float64}
# - {name: y_err, datatype: float64}
# meta: !!omap
# - true_pars: [3.1999143760230253, -3.9503943772414374]
# schema: astropy-2.0
x y y_err
7.513516534115597 -16.532176111402904 8.862078642576972
3.8276628372725754 -12.13982165847792 2.3245317827256518
8.444577119025206 -36.24361649486185 5.476596098450722
6.671048319653003 -20.145597273357012 2.5301146663773326
0.03595082676414485 5.33911946743247 3.646019021481206
9.731845868004315 -41.877803304026216 5.245447383433264
7.372536721893883 -20.187758762689263 3.2280046506815188
7.646707358046492 -21.68849504041963 8.073955043849399
0.4092499594310046 1.5564402514459448 2.626037889250815
3.9542453168512384 -5.365399680092328 4.436819879669541
3.078778266558394 -8.612067466068545 2.1996948260660494
9.19441487733462 -33.193529342098174 2.5595090426254203
6.08251632088731 -22.647251271271458 2.754546500369549
8.05037774597913 -27.82489941678345 1.336001723234623
3.8775561871006423 -11.529280237973161 1.2351613089386626
1.4996259396325458 -2.655931042126569 4.650395858153137
5.100432657174183 -20.522664402757464 4.523949395941019
-0.29801018285407144 4.975058513625851 4.601609004587983
8.103942891918402 -28.88690506406684 1.0465655752040683
5.948308390342714 -23.126588882169365 2.121030153448522
7.338965140939112 -28.112823578119674 1.5769206750560152
2.899785649428552 -4.864460931618126 6.000002378483864
9.677678268343936 -53.90712624331391 7.254882807275456
8.824332334544174 -31.297182582056028 1.764738568059995
7.56221846781138 -28.89894619961199 4.654244121044219
1.1410257863716433 0.45460125956992625 1.346985136479463
4.133931040997376 -14.060591015141727 1.8843107492157132
-0.5181585763404835 6.154370736036096 1.3761142630952494
0.6971844127430261 -0.3166989128075127 1.9209708143519322
6.513538485667 -21.99325699896683 4.728643219692287
7.192383714985988 -19.219095610075208 8.134425953421731
9.64260705677631 -35.62955801411516 1.5941251293131344
2.5840789395196713 -3.5362122153090803 3.484007128661041
3.0750567663835575 -13.944037562070845 5.027951748294453
4.1651139240338875 -10.610639184171553 8.97268597201268
1.0841849499271428 2.6761320044210906 4.0743701638178935
0.4291365586901881 2.6922703502325454 1.7993138836804632
4.232754188485271 -5.430650238732478 4.2216104568912405
1.4960028395597251 -4.306742571202834 2.0916603393143043
6.367953941507614 -35.009896350974614 9.46516939277522
3.808671107595638 -14.341633545372627 2.5100139498897884
8.159460156636213 -25.832339907217495 4.846494461416525
6.702916122024741 -22.753969177798005 1.0549395691468715
2.4360330552024516 -6.166483448134975 2.5122418507882163
8.154857815347212 -37.438066855265454 7.500800477662706
7.85240793246482 -24.694491124575098 4.075936828715074
3.262262169331919 -13.091188204194221 2.779347734668715
2.1716091432326854 4.6212488633729025 8.628543629855915
6.5074505437247305 -2.0915235769066385 7.1447062235356364
0.5372773197024079 1.8469980650109044 2.099982491416128
1.1989902272261914 0.5065671908128544 3.5038733673076963
-0.9190150327389394 5.307920115134495 3.089045150170115
7.656168152523522 -34.806229676888215 4.287483879141741
6.313359422512353 -23.04119276063304 2.1582972976326733
6.756819164889686 -25.40989872248245 1.7547085844752026
7.588019341241647 -38.61003182293342 8.178465674404324
4.048073530921739 1.662772441344572 8.392174381265997
5.256153155481831 -15.661717106460612 6.971446289563131
0.5377669794042319 4.686550446748399 9.510523669461763
0.25983080889570787 0.45564524526019035 5.558934102313915
6.352432579695188 -22.900216944699267 5.816573610095281
4.182058267574458 -7.737254213602977 5.78882061742272
5.217597171293077 -17.509445418433216 3.0241799583618807
7.414987431576281 -24.57412446911821 2.8605674629034215
5.981901520006499 -20.77174969929923 1.738706493803748
5.089373407237954 -18.41533490077221 4.413866508417235
5.151278768199549 -19.88864122573162 1.946794614214611
2.343451078688734 -9.638437731055188 1.81054119080207
-0.6610038197526665 4.802965298883631 3.854440749646863
3.8038912815559858 -11.68174338431808 2.570291548623412
1.360431401014821 -4.303158671434087 1.6552233673922727
3.4938150809709976 -10.827747123918154 6.547206166732363
8.387433805949827 -29.54384273065956 7.253872525022881
1.5733343445187482 -6.187498822731894 1.4712941889511004
-0.3586698414202738 3.685721072387658 1.0174358420170522
2.095222812241962 -4.193950188625496 2.1683529168282063
2.22953133543352 -3.1793955179612277 6.27351348253203
6.281081661995845 -29.579147393837918 6.9051619100625725
5.127353675754062 -16.837275455340443 1.375083497565425
7.622880300170548 -20.832681818505833 5.947519863726982
6.307448943601263 -20.70269754398425 1.3052814536871313
3.4702554758407755 -10.742895925989176 2.4550627117692065
7.954224231326381 -32.887212151945285 9.96803410002168
0.836702118984743 -1.0859604411122876 1.5580838400592099
-0.7501671955275347 6.83024215984823 1.4254880554100822
-0.009473531467940721 3.7538339473579647 2.647282767086972
6.945952856560953 -21.617547971549335 4.165513304890549
4.080649532765261 -11.790310281785194 8.568420713538373
0.7739895693696197 7.976283429254138 9.5679995348941
4.511492526136999 -14.511215720045158 1.1739257706508655
0.6754331298448526 1.6098762074604287 1.3740341202996895
6.659524125855096 -17.729250827353496 6.176436401910606
3.907719031314338 -13.737397799240222 1.864799535225451
3.1912334870613073 -23.276896070669668 7.670948366611316
2.316632980626642 1.1597458909926328 4.607371772443185
5.933108524307773 -19.906156196457385 1.2937334357837107
2.9799387160872945 -20.231069760760995 6.80031898708325
-0.03585088752288901 2.2701564339523106 1.5009159748854317
0.2980649233256685 4.069082799461457 2.651522975734039
9.58087431004466 -35.6456534508348 3.5660294753788895
8.994387597783678 -33.953603335632636 3.1678612319549755
6.696778471918245 -16.45413236442335 4.85470579163014
1.9245695760547155 -9.10998452188723 4.494555368417281
9.660940150824963 -42.80122137724186 9.81842903552258
7.5662599436237405 -24.57874351179235 9.986697823221343
6.885792080748952 -22.719259844567922 3.2844254042521803
3.9429765235816756 -11.758408523163647 1.2450852463079565
1.9946571802967492 0.18962840169315048 5.343715140363887
0.060300583688492226 4.843603400809149 9.47685156173855
8.928626361982259 -31.053145666627543 2.081260240013722
4.013539188169721 -13.404799735714478 2.89207056852252
1.2259970127475335 -1.4765200495565627 2.6593587303879547
2.3655228656571774 -6.023783603986783 1.1256908980752125
5.371415258360855 -17.00794519237127 4.7018030268479185
0.9445006123315488 1.211608654424653 2.25599272626552
8.42275712501613 -26.670228338491796 6.130047992262584
7.343714828187311 -25.510248853394362 6.793914472142774
6.914092515460305 -29.474491745763196 6.625685028982693
3.753023437526141 -11.449375958646966 2.6101531971656993
5.900397247726875 -20.167727894232677 2.0967453195604318
5.425077658040092 -17.147887733392537 5.608164960923168
6.14831261710302 -7.121499149107652 6.329791922983353
-0.07111246746122002 1.8575307570169328 3.099255969616722
3.573881423876706 -7.617362553232882 7.816836344433429
-0.5422440875191827 6.830214658745635 1.3928639433431014
4.433899011689708 -13.57390715057404 7.569527649082856
2.6284733356606385 -4.266762911354354 1.2476570730135903
0.5897660775265159 0.3317585741430966 1.4240509309646932
0.13743264494806806 3.7649115333457086 3.418534862849768
5.464090293954833 -19.318564815781116 1.1682034384348055
0.8765226539057471 -0.6596706354900753 1.1292942098008392
9.17632130214477 -32.800942271931724 1.0011951662256269
5.391672536704345 -15.788088927150731 2.730968304048816
2.815567849883208 -6.0236073019149154 5.951464964306336
5.500070406295585 -17.16325225484179 1.0835235382365014
-0.7491574186733275 5.732976325181442 4.490116470701156
9.544151345655898 -36.713723424127195 6.654682157280917
4.305337806371902 -9.826749027763071 1.4723153792204322
7.610087499753148 -26.31006401225622 1.4023736237353794
-0.08997000085317575 -1.666473434563615 7.257732773361679
4.353241639219764 -18.617182786969906 6.654640670983297
4.39777693789973 -17.433702697409537 3.458929945709581
9.31609100472481 -27.425856446766876 6.59477342657043
5.289008576136829 -18.144891258209032 1.238101008702438
4.2083834116264915 -13.108979149873056 2.480170388029534
1.9367322940108294 -4.798182673463907 5.467610339468891
2.647258970768074 -5.934492004555512 1.8090557855146843
4.727396427186916 -20.262360577601548 5.653649938517884
3.8280260633555137 -15.356439934319607 3.1928506507397216
-0.7622671213163653 7.473259317938188 5.626858421840846
8.089211166137936 -27.003697910506386 2.915275735153047
8.857768490237435 -31.015985151429877 2.332944140257583
0.5427399789847185 -0.2849758218578653 1.6564915181634807
5.094397578929543 -15.830305993217555 1.6157692600411098
0.19433315248987904 -1.7651994742254606 5.642750014750035
6.394641023437929 -22.747238559037214 1.3149533566673886
2.0935716222290917 -6.221141954600801 1.2189400597414481
6.25364898161092 -19.551828383424077 1.5006913007730394
6.996940757155709 -23.492256670553388 1.4974299371703768
7.455122411094227 -22.22490322673505 6.654380384178099
0.18515040551486217 5.590596488618418 2.503263825651486
9.076130296513687 -5.143528117701197 9.781117078128872
1.532353899843689 -5.197774829360367 1.3715487787917149
-0.5884618820620224 2.1993711345000353 4.503392764288048
5.103377163306317 -18.691982507315426 2.810150031935373
3.0801451224868264 -11.070468823612766 2.4712585034039796
8.127687174456545 -36.98995652063262 7.500396095316311
7.89076619270732 -30.80451394575593 9.453565679067209
2.488527821049869 -15.709126496921856 7.46206381500408
9.481893345767194 -33.735628322378325 1.5570432603933981
2.200096219541305 -5.405377721950692 1.6626388384985316
4.66562842154886 -13.052220091492675 4.529746301791265
1.8156159962436302 -2.9845800768796162 1.9457345096580698
9.296479270538597 -30.25108098538348 5.429066118348571
0.8106859934021996 -1.3785735872664224 3.684857103176344
-0.5059831866843811 12.740613289758368 3.555566195437084
3.7860676600334173 -10.176891259154512 6.73824697240969
9.916131204614208 -45.53640474289899 5.1349092392555695
8.808449928804054 -32.662571298544464 1.0631089270746916
7.234688214026441 -27.330403174361738 1.1206219816314487
8.798717399663774 -31.489230878331515 3.9953833225451807
8.827913036676495 -32.04695177598788 3.0633179491900413
4.70744196425094 -16.24909503757684 1.8204747319725412
2.475219570138723 -1.3052467295214423 2.6221412782168425
7.492136753220868 -23.253077692957262 5.726777615337596
6.278273894845372 -16.730869001077018 6.708284682224581
3.110235017610811 -12.476797766933043 3.641020028375786
0.039133348676667956 0.6187235578481188 2.428675439022034
7.214685724839286 -25.23229445588715 1.8650769788008401
1.8870656751515114 -3.679322510616902 3.3259710964565166
9.304944655871571 -37.390065994975394 2.0641897566026133
1.6506763250625323 -3.981765530930991 3.6651785567604556
0.3503372565263463 1.8827800963758294 4.749549108932118
8.142239393373968 -29.215648771467137 1.1643383735839883
0.6861274828694345 -0.3259519016732 1.002460952232691
0.97195138973513 -1.5193006005746106 1.630336076516593
5.593210706729279 -20.28267393586568 7.843528839385873
8.620182449212109 -30.45106641041144 4.428847876245187
1.1607813228603057 -0.48703030595230873 1.485799992898812
2.4135604019010426 2.0606150774147713 7.767190588109544
7.551453220652953 -27.499897560002953 2.9509098380249363
9.690090686670642 -36.44499385363726 2.9928969017702514
4.508153048225766 -10.83617492151911 8.620688326612154
0.5828725280637586 1.5978533684104037 1.146797380282667
-0.846700835209783 5.832079332097669 1.6412633612431542
1.5262163299874079 0.21594991409693115 3.8527544005029206
0.4500443956517314 2.958548161710058 1.568507174643407
6.454245409741432 -16.121229873105996 4.781090993084545
0.34015755091384237 4.767561559376107 1.6371643885295888
4.569629247826963 -15.940561346085136 1.2564840229071683
6.636886792071751 -22.996021564479072 1.6105905984409479
5.3922827014299255 -18.07187819356885 2.6468786705771032
1.1975321682606337 -1.6779362557933468 1.5001624796088813
7.84536978800489 -28.677735497907076 1.363615800741189
6.869478425773818 -34.70616742343137 7.249063201854851
7.128824043070959 -24.76794005361594 2.091207864918279
0.44163526713044576 -0.3079978800016864 2.294873159388924
0.3612918401537907 1.870333443734519 1.1357177398699234
9.203188061071584 -34.964372585025274 2.277034566677841
3.373360132074347 -12.149510280997825 1.8399548973643889
2.3104356095903373 -4.971665485039533 4.078355386287725
4.374424498866866 -13.838605776302447 1.6046868646903076
6.2915063403994065 -17.174249490705208 7.733310592334254
9.51185582751667 -15.785225551264327 8.504849266673768
2.150908495702605 -4.948071384290313 1.258435778470604
9.172892722432298 -32.415448824295005 1.2805689176424973
-0.7265455947511805 4.664757985289496 1.3041466739766012
5.107178465595071 -22.33485960790642 4.164561273839835
5.973726228491937 -18.30260314362584 1.3242468977553343
0.16487144125828623 -4.025090237243505 7.118398844885241
0.543735567703039 -4.876609106225304 5.678995374290168
3.6102575124793423 -11.320236943796228 6.604027274744472
9.628551033574999 -35.13951154993286 3.3578440868609207
5.556468085578101 -27.70660365066146 9.92378191199004
9.263255437602323 -33.731224537020985 1.1070700529486277
7.847970071742678 -24.70560264035106 2.519213437627644
4.141197617108206 -14.858742400154311 2.108320681314562
7.6323979417740615 -39.333507315550534 8.88475586367883
-0.8037953762531349 9.933055257061694 3.774513286902303
0.20058396442308435 5.558308588573619 6.400161978202533
8.1237147637101 -29.81049838907208 1.4802708728728948
7.76498797157678 -42.53698317478247 9.519938524197462
1.5590481616307708 -5.3062818070035025 3.1523871379736983
4.838465496589588 -16.084420834855912 3.1165354858597865
5.66617402770012 -8.28283849087296 9.351574295382258
8.545128491536122 -33.04749686318365 2.402881541278949
5.634178730725982 -19.268411497896878 2.497612300344111
3.5382872620104835 -8.18264296450074 3.8437284904118667
3.1160244774790096 -12.307480913889556 1.3429276338914065
3.684702950108609 -9.190824077615527 2.094525376164065
6.171241281379716 -23.023901019262517 1.5603007686656716
8.542396949275574 -30.12479299764923 1.2684795764103005
3.992865702839297 -10.760954488084264 7.347584787730096
1.7262351924649393 0.5936420032364657 3.8844645834408573
1.6032859929733925 -1.8754538399612224 2.2838774238436503
7.20615708267791 -31.359132124753494 2.562532471752751
7.982256397663014 -30.452807924645413 2.700965293517307
0.15805887839537458 3.1693647993266434 4.296839998404154
-0.26785257349304026 2.6107888609290577 8.448301248563284
5.5387703013209695 -14.589184570257189 8.566030564207631
0.6079056861196811 2.7427804147351407 2.463156348703946
8.071306095019754 -27.38628838054802 2.134334377628362
2.4136814131648188 -6.940444914774365 2.825182452796832
0.5825912626825691 -5.928791437302614 3.697721772284251
9.130675197361953 -34.18898606532407 2.89612906038873
0.8208489500880598 1.8549519421876843 4.557780540224563
2.131920905717291 -9.130456112450279 3.5842560203280636
0.689747347112645 1.7962350383591172 2.092741307469499
0.27039070031890466 4.145510640931545 2.2168219131125193
-0.7673718202991596 6.534683868364389 2.391072736459453
-0.39065049919313877 0.9333804691990462 1.2434827593826405
0.9210561802943796 -2.31199057154273 1.4657592123227783
-0.41279874110107073 14.800721460874003 5.285837432500822
5.502581977220683 -19.876258246618313 2.4496086759166955
6.48785979479457 -25.681401855089323 1.6388491211320617
3.3299350251523108 -5.442047254600584 3.653191265184784
2.4979020664725438 -6.591715784367746 5.695600801611063
4.5497886072445315 -12.774782190922489 1.8089325033566646
8.625054364580695 -29.013770907960588 6.711040843134852
8.362447895044266 -25.954440876197722 8.462620381727849
-0.5217743178592886 6.697650497342785 3.9572594883014416
0.9964825055617649 2.5179178681620544 4.666031420893976
1.6041935821483562 -0.5667621862797283 1.1286934124607997
1.7432633341543302 4.878624396470756 8.82104202263636
5.2835591691705 -21.57375921473845 2.4687933236811554
