data/heteroskedastic-1024.ecsv
# %ECSV 1.0
# ---
# datatype:
# - {name: x, datatype: float64}
# - {name: y, datatype: float64}
# - {name: y_err, datatype: float64}
# meta: !!omap
# - true_pars: [3.1999143760230253, -3.9503943772414374]
# schema: astropy-2.0
x y y_err
[from data line 286]
-0.45820468079646615 9.339587107841934 3.792953554854234
3.1097555230552874 -7.869286355215247 1.0106919318826504
4.761282435894009 -16.07522432210655 1.0928033038256435
0.11839093194087569 8.313377689620179 4.7909187502511825
8.168044091674156 -25.677894958274006 3.6531542809213176
-0.4284194688838532 7.626921063206627 1.0629979750206222
9.173260559198683 -37.19261572089151 5.539364726895538
0.09024455737863046 -0.7664965412737912 7.114515617741042
8.27932446757528 -30.46676336414402 3.1362991650805307
8.929184583203789 -33.50657006271806 2.9225196531584547
9.77527748645252 -36.31759487309597 1.0126820424147895
7.82228468300953 -44.60480993978824 6.118566893633878
7.574252948484618 -27.652276493776064 2.1414900789458495
6.067316035951024 -17.97447457568037 7.5642107388541175
7.568959900359419 -27.864864118422382 2.3608075617682545
0.48007429254461786 8.413019440577012 3.6734819533154113
4.8967483954240105 -16.119246413846536 1.8635531693651888
4.656451572094559 -13.326271378022925 1.447399147796043
8.433293585348133 -28.558068932638474 5.955358406277879
4.0907930215286745 -10.367438173983214 3.1375487240475346
3.2359844571038883 -8.623065446480593 3.439441473344527
6.035195983608211 -8.001373482967136 9.234554600914292
1.9310964925093068 -3.9142826505975137 9.195596625298366
0.5374525204935255 4.634957761263567 7.172030399496303
4.256650014261204 -13.051264120855873 1.540314106408705
3.585783054543735 -12.097992060774127 3.9289155529299378
1.5582693458176107 0.10316416251121749 7.553485931327108
3.042629911266408 -3.5276450779919837 2.3684484490915647
3.0303169480887213 -9.11231038099656 1.262136033735197
2.602451208538 -4.366490033275909 6.470873387023536
3.1741048769962186 -5.525164222230522 3.032239852615262
6.5431768000154 -18.466118338093118 3.667690499866824
2.265641220284138 -5.637817221772675 9.597194497029157
9.437437193868744 -43.7289960701322 4.047729020430584
9.079828214919957 -31.294249067727385 2.6605987681341423
4.290014711300865 -18.95010385601412 2.344144437817867
2.6119732550515766 -3.2732176191251123 2.615888885711446
4.889782688130035 -15.894067617113993 1.313406263851522
8.33416537650987 -23.491590853354523 6.233766897118425
6.1784607461611225 -27.415802373760634 6.882034702132039
7.848310107417852 -30.792351426422734 1.9248510777877414
4.859945036723142 -15.473943586814869 2.012781436692917
5.962093921943828 -20.60431219232172 7.487455535530974
2.1697117560070787 -5.8907362395390654 1.0567453744544044
7.083824785413198 -24.503351938859915 3.314800867030654
1.2264505243829018 6.4041615986206155 2.908544512723545
6.642779417003481 -18.953161452571248 4.899218055673657
8.467909751584834 -28.722788106871374 1.4567723846537237
0.4531312103169832 5.342113692681603 4.659407997687691
5.758177145961118 -16.02476279441958 2.3808608180746083
0.046053230529280675 2.2279767049844463 4.156375519009854
6.982871910985696 -26.63867746942472 1.0967180970729031
-0.07057459294127744 2.932656141532664 2.895524187901375
9.295338049706887 -30.81845996701662 3.3285178781804206
0.5114872304158238 -0.4092406924195587 1.638047166591041
9.547682704999884 -34.760439603285356 1.3791885855327546
7.809725936936063 -28.719250166540014 1.5433850992968778
5.530502049129895 -15.330184608032292 2.2087221071618317
7.608865150925016 -25.921497856417577 1.2497126022014946
7.746263228813945 -21.6297445386977 8.857676108227915
9.406297690990634 -32.379220760163314 2.540937960751702
1.7872168922310592 -4.1002286284676455 6.441241798729147
5.490834848941401 -16.628498616411505 9.427946797518928
0.045541173208413444 1.5926890400694607 1.2043016461933709
5.777822700265334 -29.428856993271783 4.484039895296556
0.8842043450206769 0.8231409248078615 7.4371935973626755
5.21445672619686 -16.0036287300709 4.307590732823334
5.2967356543723465 -14.47679315899417 2.6855059649835162
4.1258366827935005 -8.858967688514339 2.698213790580521
4.74894953064435 -13.855019642311872 1.086172707566053
7.403157290072468 -29.463236530947665 3.4245282350034234
7.791691881632733 -31.051005134406097 9.852421806564791
4.41368537132972 -9.868200377420392 9.093007011618658
5.595527856748735 -16.12589593462857 1.097486606337948
9.24359859259112 -25.798196407405783 5.079219759970292
0.31706947351235093 4.1899507123265485 2.0033870709999726
0.2881392249012156 -1.039932639513435 7.998142792317228
-0.035200868981547506 2.3590900411391855 1.1094679110100896
6.236496135445806 -14.630572417309395 8.62728414454737
3.604691308694174 -18.610622664460028 6.87821495034873
7.517535577560276 -26.80983520471464 1.3107032679631456
6.383545546394519 -22.14933748266527 1.1476893122089444
2.67001534161062 3.5390814305791136 6.834514422700025
8.882032020976894 -32.3953247907284 1.4313889853952995
7.387853617777175 -34.34402249866139 3.4268741300403
1.975884350011933 -0.4507290920315313 8.236540872353608
3.006112195492594 -11.257311063124149 3.693585133643109
2.458839782246892 -6.40706820088383 2.4959351744925944
0.7337281348749962 0.05982014471584553 2.786224166934463
0.6256170979641081 0.41196218601964035 1.1564241981713848
9.297402097133185 -26.173762797344754 9.305770149739573
3.816944409186286 -15.012947627246648 2.0448157663742936
3.216518050551508 -10.306187922737998 1.5465483133222115
7.0265427954511575 -23.236017253471726 1.9321787517281
5.082923717781899 -22.536838800800115 9.21240865966417
9.297539855223084 -35.52792951675466 1.2424704067981445
7.583316433003314 -21.83178871294979 7.3672098480479065
4.273065205369944 -7.948984641281004 5.1032153375376375
3.1399542082890886 -9.50836144630177 6.76112832988063
9.852946994167542 -54.27298491893137 9.460139495131818
6.895362596040078 -19.131078228018517 6.952718650265548
9.463141260042253 -48.75327777460308 8.777732694483008
0.30326434938745495 2.415530120531534 1.3394769876675323
8.355870471098608 -35.354550384100676 6.248684035937087
6.0078127239032835 -24.607807599688435 3.51298013585566
0.3411384616862384 0.30763521823194034 3.4953896431056166
5.470837999661428 -19.86442658088726 7.923582357331369
6.547060016159937 -28.70067876893734 9.371385830650821
-0.8646704552253688 9.599263688947186 5.068020034610172
3.9974975802592123 -13.948030864974465 3.04045366573041
8.079394623159533 -25.913290654474853 2.8602491018554574
2.2489492787849885 -4.9999138149881 2.434117043267532
4.044028899784062 -14.379500456812808 2.2993179492090228
3.865455397746825 -14.203177208739008 2.4632406427401965
2.3212013058674072 -7.9954581277143 1.2295699345512825
9.102860850671096 -32.41249525094753 1.1951876180121563
7.594234389746674 -28.93626747970835 6.023790286996245
0.21647252095721548 -4.280809422633111 2.793012587140362
9.967381236213303 -40.74203760936561 8.52480568706483
8.671200267385197 -34.74420126978461 4.094689818369509
2.1229928165044285 -3.478132946254685 1.0843662253339246
8.205862376270321 -31.663746194886386 1.4372202952167525
0.17061485058521153 0.21071324447055742 1.6062746040408364
9.990152035216624 -25.768562835361703 9.456621882876632
6.322532097171906 -19.531622624014297 1.654642694422308
6.151375171146767 -23.543322776604484 3.2791076644057036
-0.005152003174539788 -2.236720958801066 8.633301969890967
8.867367387862878 -25.982599389506504 9.488394430312841
-0.6810054647508363 1.8798676343635843 1.7232982039472386
1.6491086384526175 -5.3987702979868315 1.1197411631879697
0.573240626832985 0.5355389143089001 1.424301174904995
7.544447347614404 -24.810424771052542 1.156986998645332
1.1802464993418766 -2.1454006669038614 1.5671993436141436
9.017020498439738 -32.04708998799408 3.7031364487072254
6.218959432602391 -12.09953225141814 8.174266569346706
-0.6022101845583416 12.83759568110629 3.445235262962145
-0.9402718245842949 4.476260085736308 4.226584506493455
-0.43176291284161183 4.878748773622533 1.5917221197955262
5.6651769541250045 -7.667917917340314 6.318058178174037
7.816299919453568 -33.99091091372473 4.1475240068759875
1.624081026901273 4.299568080376923 7.313694730829075
8.343497272153803 -38.81179286364439 8.88879943550798
-0.37044865831413576 4.891633531192459 2.2279260718044203
7.810602390058438 -27.95393027284303 1.2319102210370547
9.205749731895084 -34.77818520026661 1.6823988310159064
7.493192390148186 -29.095414493177337 2.7405742047402057
6.679328623765009 -20.746829398560358 8.824572019153177
8.217782405209213 -26.884710537636792 2.3895153370410527
-0.5583357049822694 4.640255875544313 5.898929606733102
1.2196032179096092 -1.3746241722101105 3.4711764618764533
0.37416047236207384 2.5919491424722176 1.523381827022505
4.549840892122852 -16.807185199280735 2.092830803806792
7.1970694116172895 -21.902889976102884 4.499786257515137
5.930130290340386 -16.368821207228674 4.708183648414622
8.362442097381285 -22.75005365349011 2.7211955169562403
0.7073429168519997 -0.23109685144478542 1.692955733906516
7.080832011286777 -27.186790285234977 5.2711670467732175
1.123456399557945 -0.10374518837955615 1.4752751993600528
1.9783462644958028 2.4642681706019203 8.643103066466157
6.808951670094343 -24.522890991478544 1.5413582065042217
9.7822526338855 -35.960011334632824 1.280301819924869
5.726979665747765 -17.72195139449265 3.1451959109093774
-0.40049653509574845 2.044485211987953 3.3078788715839056
5.779398669202861 -20.953935372749832 3.222499916544903
-0.534143932618162 5.554866304053773 2.733175312816659
8.72560282503499 -21.428470726520576 9.881318383845034
6.805361136106828 -25.536401394787802 3.0639425133697458
0.9044063106475355 -5.910514311750346 3.0057065707914568
0.008931064066178718 -1.8970735057364507 2.640985779368701
1.0188655176835089 -2.293912049543115 1.1663415698757154
9.780298975096118 -40.5798378924308 3.9170275953362768
4.044167067043388 -13.037481426993551 1.6903154934117977
7.624890431755487 -32.08256676058145 4.341191862188692
6.000491763185545 -21.294413264225515 1.1241738065823121
5.296544649545011 -25.13963730819876 9.580476308546729
0.5964328013155467 -0.4532864528341947 2.9444560685955654
9.406268989139045 -23.5317233823402 7.884158954053192
2.3147689576618973 -3.965613918124017 2.98924267178896
5.358189373882964 -17.948513640163167 1.1490285468350754
6.697535390479727 -26.319526773359687 6.6406951846625555
6.1415647076983975 -22.988791259594162 4.448194099407094
9.346538506650703 -31.73972500600875 6.050023304911408
0.632828889120638 2.2656902331260094 2.680216419976214
4.591880122916363 -18.882939539226303 4.3444694160369695
3.4443782981484254 -10.144743391181368 7.181728845314028
4.215856024308799 -22.142139861755506 4.276273195087835
0.3113927881751908 2.441226085157259 2.2267611459590295
0.4750407086004187 4.827360759860331 4.5975831702567405
2.058831003593831 -6.248864249521774 4.697363713704913
2.3517506413691445 10.498900820103263 9.132442837166261
3.7069353504948497 -13.51411098586939 2.3491585081463136
5.720863017402911 -18.821092621325224 2.6612260593857155
5.980920291600893 -20.659516957624717 6.488181065052527
3.5299198624412726 -11.06606658485442 3.2045150437613374
3.4966142037156684 -11.236399924968225 5.452216504715363
1.3939137936665817 -1.997907132006933 2.8821027808170037
5.471368732499091 -17.021410492086453 1.6424612863599322
2.4874500244896165 1.0359958404303755 5.561652407095559
-0.6033418229489993 5.580308939853187 1.3525557318511547
3.602400485725464 -9.743006622648068 1.579732901965251
4.215459425991874 -16.424601295409648 4.23472275705503
1.4815215502463208 1.6276111359103602 5.588172453773595
5.297037264343272 -23.704602278446973 7.846715143681214
5.22349090475113 -15.391899484380092 1.8732101287458005
6.722023992214085 -20.50212104743493 1.2903997154121083
6.1274333042133104 -22.109192639575667 9.037465647973582
6.1767636217313475 -24.329491089788107 1.4269970917758121
2.478355670064474 -7.454551205995668 1.5764020183890768
7.661754441845493 -24.657708099663704 1.9558225700970167
5.040588219596474 -14.84095320356476 3.3836961250194975
3.7456001469787914 -9.696155745564598 7.635290512646276
5.886137290351628 -14.241066622817957 5.761638721315689
2.967230678952797 -6.047760605982241 5.106902351537415
4.640131690674341 -13.30767422244632 1.496857879605547
7.103762573304423 -22.767680427661507 2.278676279901623
8.750431753960784 -26.789127348158196 3.0088804053814977
9.131629170247107 -32.36980419006565 1.4041902509756121
4.539962177014091 -13.03569003559631 1.876850593920367
4.72302626214626 -16.082572956522142 2.0339168954488622
7.7985745184022015 -28.413806183838194 1.3405289527956399
2.4589576091862138 -0.45475461851544274 3.5500926870036067
8.211205985795754 -28.14137879189276 5.070236256624219
4.435558111691658 -13.37678609644107 1.1747126120224203
0.2744239676879523 2.4904879704930876 3.0277715352387102
-0.20734938219761934 0.4668802665973299 6.056353206281926
8.261925321434095 -29.3764727801683 5.597448789500627
-0.3887529140243431 14.11613606657223 6.532404904745641
2.086725797470215 -3.4849229786201317 2.806988498714693
2.675430445517004 -18.691195938413216 6.615414832183777
0.9029388971075317 -0.74175153390481 1.7408168078376764
2.4528270678218815 -2.399093112685376 2.2951472900284573
7.1696182339759424 -25.44379571401867 1.5009131976906602
-0.8384887208392215 1.2293738573778827 2.9341650479297794
8.09890766972755 -24.1249866859295 2.466380183993288
8.42202825932014 -28.882022194840808 1.7415145867426918
3.0948773051070297 -9.421400388837938 5.646517899962455
0.6897418896669828 -0.28992261901965627 2.0599030095463595
5.609244487395889 -16.930323718270454 1.8741499261502599
0.3163981145138377 1.2174011837099563 1.3517311774900496
3.0141129718607775 -5.553028572266053 2.7467662455706994
9.542720989910697 -33.40836503075471 2.00892918848297
9.950109198420009 -35.534310218550125 2.3403070523619873
7.493153804900442 -26.15044249142883 1.7218577219980227
2.420576609128428 -7.376495904352973 5.796361855792198
6.5643155408270175 -13.831811424690391 8.511445984328784
6.75947002032414 -26.226112042616048 3.1472544247041565
3.2662586468001473 -16.8321054394268 4.395400197324026
6.049774980447753 -16.173736130250866 7.364991951957484
-0.8819959052675613 12.979541235283147 9.973087682456926
1.299634244624656 0.03815965465868622 4.106922284264257
4.775971332639873 -12.503682968864437 7.758530406905074
0.8012643468412546 -2.5625096652551203 8.102298638012797
0.82497554664187 4.812769950719199 6.186592173238145
8.199347196052617 -29.32241384171014 2.8902232549198086
9.88046302951966 -36.41900875094958 1.205463320777956
5.115663708312932 -17.332426022584666 1.0370639922324554
8.229767039698848 -23.24788389332403 3.000548377803008
9.893538307588997 -41.298582983612555 3.1211492275611885
0.5575547742565217 2.274227892475781 2.5548322393126055
3.9307017457978617 -18.540124588326496 3.6997071704974753
3.3182998742611187 -10.294622312563598 3.565846986562115
-0.11945787989196477 0.6951559227728352 6.864565305942632
7.308631900742189 -28.349808000585263 1.2842722637639419
3.771569300548523 -11.045886672704817 1.6794909427825757
4.162596276094414 -15.60354824526032 6.208761522103882
0.657402711945642 -14.184491606408194 7.044284168623344
0.9901931745395494 7.584478487604103 9.881530458136119
8.978139843718365 -21.557862819730573 7.462975508556541
-0.5088600212829323 16.774469840093285 7.76066625377603
1.5613751343807687 -2.2278639542957874 2.062281484516763
2.212652633459812 -5.424799837839608 2.5215154527145973
4.3921729664174505 -11.68863825628272 1.8538948790850298
5.450896903162755 -11.537731100441995 4.039237579305172
4.426189734357332 -4.43943098206534 8.685710584760997
-0.07473131987429771 1.4131429624988512 2.2112654815152886
1.680341994612849 -2.712089673059169 3.605801224549307
8.279472232387953 -28.63775641443084 1.9783340707538926
6.013475705263049 -23.23107336913902 1.4784273011175957
6.140639551477018 -20.322348048660547 1.567420526321972
6.372235808864905 -19.37550392438311 1.1427345139136813
7.39193320943482 -20.30697030259451 8.898022979764818
-0.3608067010640793 8.350910952297749 2.5285969427355237
3.0326922342587364 -7.531970519085047 6.825286591916146
