data/heteroskedastic-1024.ecsv
# %ECSV 1.0
# ---
# datatype:
# - {name: x, datatype: float64}
# - {name: y, datatype: float64}
# - {name: y_err, datatype: float64}
# meta: !!omap
# - true_pars: [3.1999143760230253, -3.9503943772414374]
# schema: astropy-2.0
x y y_err
[from data line 570]
2.7230213162705863 -6.963956225142114 1.5556831988174882
8.289267606159052 -30.767930612089902 1.4978290404114587
4.3082975944602335 -20.070768113977778 6.486168123191164
7.454903484053171 -23.920463271058807 1.8395504825525615
8.37217068569286 -18.633944661439823 8.19002417510995
4.552706311938479 -16.15335314857995 1.3805603769952075
9.00507468258485 -27.76492899428496 4.761114374039466
5.458363345906786 -18.930048025399454 6.523397998426707
8.353017287170939 -29.21369342002362 1.7189228643505285
2.746498751506767 -6.780535069942208 1.8888930273550637
4.486986543846338 -5.362015663930517 9.215499632539382
4.845521451050355 -15.789681984813484 1.8390672278779319
0.15477687485677638 6.383609427188999 2.691268634363241
3.384077573716947 -9.330893361385678 2.7071704025000787
9.090714398068437 -31.594235221518407 1.790749134504127
5.9391546440121665 -25.23456789360233 5.967481570460071
0.9525724068066423 12.202247140978185 5.913564570140878
2.7274119917056545 -6.451763584527041 2.3895604095380043
1.1076331062896982 3.702011808514162 6.84109767333812
-0.7269455502157021 3.4449318387102585 1.633333743609333
9.202065043544295 -33.98277083121344 1.0099637255045564
3.9302806108255863 -7.71469107261364 3.7253524077881943
2.3828857966286474 -3.3833692764343257 9.864561220980441
5.583249107135103 -20.94799906418615 1.0930607752680488
-0.919540980776828 8.508628692886733 1.614351396435409
2.058243172608952 -6.727097581758338 3.3030461561751054
6.733368122687819 -14.288560755449804 6.455661294709144
5.971467503761892 -20.497560660733093 1.2275579551409612
9.79986542296789 -35.00483021821304 2.484475130079858
5.823934806238484 -13.221665731318524 5.585676771797485
4.25256460990506 -15.7108111649109 2.3525735417163145
7.375758195024084 -27.470862506251965 1.544672520129512
8.936606591604583 -32.41142184998874 1.568540827421463
6.927655413901867 -22.040656284812822 2.5706845470281583
9.595323459043176 -38.7191914416291 3.0159009550678513
7.602056878119949 -38.96564094260574 7.274688770029654
8.53481582088119 -26.901604808403572 4.3878565258080044
0.2551447830200091 -0.7640028098333644 4.902323363915655
7.056548532931664 -28.447817361443672 9.615838740937047
3.8409756948010547 -16.76649383034471 2.5813294741867128
5.084141826524028 -18.603193925175766 2.531362856378959
6.195126504305924 -21.336707512653145 8.381986706525923
9.667966283761263 -33.35353131794963 1.761471362769581
9.830358895747871 -39.77386977562914 5.368033856659173
2.170510700366958 4.0443116198654385 5.682940881876078
7.071288471817078 -25.59189052497519 1.2525295984461768
7.249818917287955 -27.447483413197933 2.939215340732891
2.8114214744435366 -5.466603980423899 1.586947177797997
0.3625675235064312 2.091673542301256 1.5324110423921316
-0.5495834368570827 3.76483369165701 2.909565312458268
7.550774402820964 -26.930710919536107 1.9472858475663355
4.386697159985965 -5.669045438373432 6.252597139943854
9.840941864444188 -23.823487840645846 8.083601417720068
4.114708018130184 -18.2408073751539 6.349223357862141
9.757086769812243 -35.42272293725046 1.8451465801543285
3.5273360241346587 -10.564968338252113 1.879898466841736
7.730503656159699 -29.111633091802663 1.797746078649473
-0.06698800456984733 3.3885498629950632 1.3647028422683665
5.110078811515403 -16.94014480430624 8.78614503727053
7.822657656842966 -24.82505505920088 2.5237585203524624
9.171718339418776 -31.0064090238319 1.677604083344469
8.048413996791748 -30.907322698551564 7.025399904941376
-0.5933220007870835 5.007339138903724 2.5072365062848214
3.099725754374076 -8.324986815493117 1.0842184943659912
-0.464316804547636 4.184504243231279 1.4519162643988082
0.20210520226013806 4.96659503606993 4.3576298815084895
6.428361915342325 -22.727894663276334 6.066040061620998
6.84584015942868 -25.41942070072716 1.6253031927537227
7.510927510267889 -34.38224850059618 8.267907121143224
8.520022028612292 -20.189594033626488 7.095730625382305
7.133746153241608 -26.084454461395293 7.05311157410954
7.809587513172953 -24.88027721785252 1.6891224992483809
-0.4613991919439283 4.445602089476332 1.1234040588618046
1.5798866548542843 -0.895295821320603 7.36925423149469
5.840875507127704 -15.035642525840698 2.022088823415157
8.439378350873055 -34.53589540829506 4.158305389969921
-0.9504986256637497 -3.9651910548338445 5.753960599326932
4.660922763279848 -13.483813600686608 1.3436719729678628
6.450161393008369 -27.272410934742442 6.037238800306059
-0.6743198195852547 5.6840157802445255 8.679834789365161
3.414911133087267 -13.425146693012184 5.350260965079048
8.851983695220666 -31.028248218846105 2.761994112400283
6.387740897414446 -29.189793668259792 7.527974490364
1.6142419969665704 -3.783135737343131 3.368663493348572
8.38059242595104 -27.407506855102536 5.556111183306902
2.8283456575046575 -14.64276256746527 6.6146359037170255
8.386791382584654 -33.86221904069969 5.61504009433226
2.288380162307961 -6.5140949226281135 1.9402374190368474
5.493522759714639 -20.375884739851376 1.3117283378624314
3.366340745226175 -10.829982071155815 1.7311652640371957
2.023075558305737 -4.413869200833854 3.1832807059681882
8.752133183890562 -32.65339373139738 3.20093549447653
1.0635305013344047 -2.039496478401312 3.825113703526633
-0.06707249640660595 3.4154471013328616 2.4837154425063948
2.761196324002264 -11.722343565935951 6.121972599269458
6.894030624057243 -18.376118925413266 8.187545950014124
7.881747665739099 -25.40171060465465 1.7649201175984064
9.986177070734414 -38.78103506012029 5.4515903951242
2.259982627122814 -3.4164233812415996 4.764001094037117
3.487361462444104 -11.375652126086115 3.3349590016288597
0.5050340583258892 1.768991045047261 1.543583877824326
5.323591225853369 -8.058833712993309 6.240684950592972
9.973380409892089 -31.553146689767804 9.133269770132836
6.709691111327244 -32.652459722135646 5.270312075606433
5.5473412445470895 -14.956661565636846 8.276753032760137
3.316060022139734 1.9879381913383019 9.64240269526006
9.068286363141103 -33.12183312637703 2.249317044768861
4.466082557433844 -10.11451056949708 4.347339457265171
0.4780360464436765 -0.7437186826578057 2.9780551605321715
3.019163095190468 -23.131956898471934 9.696806891251589
-0.26116664267456413 4.4068309049881895 1.2411029960352224
1.2217694145765972 -6.166153777729086 2.5844903462166684
-0.8056434090009658 4.582261535952536 7.50825552815456
3.9860790815017975 -10.071661905928659 1.9233189495692986
5.979942914469769 -32.13902806528868 6.134693233654233
2.7762170861679856 -10.856269693667803 2.4142551293259236
3.624199486558048 -20.972447322969867 9.5494539744247
9.551302001290335 -35.01574551359817 7.647682269029826
7.27159433732407 -26.257673766732925 2.0013376135223986
4.949423006394463 -8.109868376292336 5.891055490060943
2.1299496262300774 -3.1413977215929316 2.171983610663059
8.866964786502948 -29.827276104638017 4.039827676880423
1.5860682856872543 -2.4023464077882535 4.554920154345398
2.5787700356834478 -4.3311602708810835 6.754534263973015
8.999712958652434 -33.264405294456516 1.0579151605725634
4.824962608135796 -14.437458405018404 1.6601903729157572
7.165497443597744 -30.835112766367107 5.151311477585633
5.498192735801427 -15.462338728776869 3.6603552480135093
6.187831299104447 -17.531314277503085 3.1304377940608408
2.2932162066630815 -5.619744696392586 1.1355596615743702
1.655092677893292 -3.7312833338047993 2.229851201604069
2.5474158188553178 -3.9291364106820947 7.3299368306590456
0.7098572049176471 -2.6767837334459195 1.0737244361670317
8.617458018198882 -30.089409726916337 2.491358554420464
2.1157162657512547 -6.157044445248192 8.813497540872541
5.176383338558231 -17.30576225310514 1.124296178634873
7.7117186765551144 -23.293982438899363 5.619604492826626
7.622065203132849 -27.045560341417954 1.8097251262373193
3.822248844426122 -20.28620246778163 7.35544296321664
4.2388303944539825 -14.33313624446835 5.57272970560351
9.941719238285273 -35.5545602246602 7.686084785222145
6.4205722467692645 -21.97491677853 1.6440869814433174
7.9610228742967095 -27.69897570965504 3.398542887493538
8.928093661411552 -25.817277868295378 6.0154752402662215
7.663488198522732 -28.986130661158928 1.7607582947883538
1.0369727944892433 -0.597641746138448 1.7011644765494343
5.183878071113294 -15.905202937598716 1.064589389856215
0.12083573045999363 -13.043288925045063 9.088983059738073
6.182143392203982 -20.30061585543696 5.128813181530467
9.508843710065921 -36.89304959098246 4.320762091823337
4.6400527073012245 -17.186153878010163 5.54618973495652
3.7626974215454387 -14.741519225744579 3.40104923257294
-0.605729734400205 5.08528874901685 2.993186798487607
9.557519745621423 -29.372280710586807 2.8153490130595027
0.13302952543174662 -2.850628187619839 4.369575141509788
-0.5481299736466837 3.5049736561719382 1.5905047680849662
1.706732726554323 -13.603508320653237 7.727850201395742
-0.27916522689779333 15.500970031339177 6.4826469647468015
4.006296266529386 -13.660546022702112 2.236472752644602
4.676965813828236 -15.373110423447182 3.789738962938779
2.438269439314423 -6.9895234743666705 1.383653353321553
-0.4394346916762534 -3.925757622108197 9.383097906605002
0.2276040507414937 0.4204378755401201 7.996366436871635
3.229548157889209 10.978236115685842 8.354058391810817
-0.3341870409081026 7.511140054255353 2.1486369881131377
6.680086981709048 -24.4481400599214 1.4761643318574464
1.2772259567729316 -0.7910953138490956 1.6284415069174434
2.3227872566200234 -6.9990111181502614 1.230272711369181
3.335383548959072 -12.318471243437584 1.3185925877542246
3.5827059637606267 -9.751762809320711 1.1784320191074402
-0.9817322155771941 18.410385220005118 9.768391773465614
0.23277408098567298 3.520905782336876 1.185926253458625
8.49041020114966 -30.978106041680906 1.3568819989729484
-0.9864363123690105 5.9762898010562315 6.718225787228535
4.589840913941626 -12.079661111220991 3.8039974465460427
4.384522071579289 -11.791810562203494 5.94863339104636
2.664035771117016 -9.006784321149382 4.274762665853769
3.744597221610946 -23.93630280336091 7.62386276922371
7.586392512792427 -26.2739956392754 4.349782360551642
8.25324076836452 -25.813178866095658 3.327553853726641
1.8638339775677504 -10.343943407622405 5.161188177228372
2.547394850645028 -5.073806754904248 2.80151370768029
1.66731138331166 -2.6510904523351013 2.2185224247294073
4.2784974060617165 -11.499927736429907 2.9352997152955838
6.515841934246942 -21.251333445250992 1.4781350154728201
1.510781630097626 -7.115595234786098 6.259962474117741
2.6380931626035333 -10.168748473513059 1.8226521043431065
9.234230793480656 -34.038708544940434 1.4240706847144329
-0.4657378116834612 6.607654593803717 1.7634057061687236
4.068465657635229 -16.639796957463208 6.951365942300094
6.827138457564556 -25.25450123310045 2.138953265136761
0.6549941271322147 -8.227389505284755 4.853442284485145
-0.4788857799396996 17.6839777148307 7.184716410150916
0.5202590880238382 2.132269984665777 1.1960371430659142
9.107055128837512 -28.294703867693332 5.8213592997982415
-0.8981423999676424 8.71318013821578 2.0307921051225795
1.07154172292487 -0.08341513388397186 1.646729873611414
-0.65588135808191 4.597256576008038 4.885414898056833
0.21692414318423592 1.0124770586921257 8.12449962059543
5.821642152911259 -20.64124302641621 1.972509977699843
1.6580279961299436 6.4127892552443395 3.705388978434648
5.261332554737445 -16.500896043853388 1.9490999657319386
5.492149210427388 -20.158186351386696 3.5833199354527236
8.343788663987569 -27.812490132486104 4.186605413299942
-0.9478446779693869 2.823012594282933 4.0769500330747785
8.387064052766034 -23.609044138416365 4.202873993876635
5.810309950696714 -20.655350877099867 1.3648338722580917
0.7901783471545335 2.5526976595277144 4.937879295697086
7.502311269488124 -21.396385711333807 4.728793576239297
8.410406959696443 -28.17188429644561 4.814909428878421
1.7968983212957303 -3.786504885489738 1.1859613963169413
9.10673048992949 -32.745038930154614 2.797942868977444
3.999031733285236 -12.742592098860115 2.5646914976262876
5.637668997666537 -19.775243610335288 1.2209882473206473
9.83114486979408 -36.387020184488456 1.6686602783449134
2.976896865031193 -4.475829270960173 2.7603403367554127
7.944752804021241 -28.785450454560596 5.532307481353102
2.502390296113056 -8.04186501608692 1.7260845966433247
7.791348744656401 -31.067576556043 6.756937629101587
5.6080731074890675 -15.087514430346918 3.513971911868612
1.3799126474794159 1.640202266755792 5.759989413058949
3.5542870316816 -9.177511460151532 2.9686293941185906
2.4939919779991784 -7.465181523208713 3.1564159218723953
-0.14080767611599732 6.144788959490597 4.166001187252478
-0.6718175289033277 0.4018012798545827 8.471700781022907
2.8112652094789903 -8.71133138413582 3.1032201130360133
-0.7906243740076476 9.599176121439873 3.377983610529219
0.8203653333995253 3.455751003434737 3.999419534626698
6.977016529359557 -29.727262822417295 5.464055944711009
6.7890035925194665 -24.628774838639817 1.1799139492065418
7.124384251031209 -24.58782304969897 3.2785924807846225
2.4886848824297663 -1.3993970629421137 3.031039452181589
8.79021402829465 -47.51981189725188 8.349971328479858
5.532136028312923 -17.78710069006326 3.115348099416106
0.38628975921289177 -2.3714003101192564 2.939818609299865
0.5809052760108755 -4.909438026078799 9.166424982203578
6.624049696226717 -23.996157363175485 2.822126414069446
0.9023833008628587 -1.0026181417906537 1.5166467203859129
4.580219717402477 -15.773372334812386 1.6478441054457513
9.909519235215818 -35.93762152601035 1.2450521378282495
-0.9559163479332655 6.440204714076947 1.0013090219848644
-0.8176221791268738 2.4759153044613917 2.7036200655423834
9.923930401235571 -31.419313683464534 5.878175946437359
5.431027175475821 -14.179221146117749 5.413354181943628
0.3960097307036444 2.5434792137866298 1.0768348139588915
8.87032419729503 -37.56551055698657 3.7152060355540435
8.684183301404614 -30.67961662068275 1.4265372792204272
4.898204544225128 -10.247786814168384 8.73124721164325
5.839712328468322 -21.385285790967565 1.4701613449979691
2.0050591065096395 -4.682030294037814 4.232911784424092
-0.44428333990794333 4.708578825379 2.1195241151112847
5.540243697799508 -10.615992780607197 4.380879684388317
2.242307125230393 -0.6855736286124192 2.58379823044064
6.299831513263872 -31.256407567478377 5.749671761579757
8.198696945268614 -24.946248131477272 1.7009013479755573
-0.8002340169419954 -1.0063443950373836 8.049925348231282
5.552851521543001 -15.633380400100204 3.1638045720055006
1.5440859365553747 2.6347856652684096 5.702865745341969
8.612773476941815 -37.86850667674668 7.075061045189709
1.7903095721801132 1.0468768413180762 9.973064112840841
5.718471465589602 -19.570393494509133 1.674733337712169
5.088949240985726 -15.830291176697118 1.9359423195008565
3.357831500651738 -9.654235234995681 1.7800536286431177
6.453828399597735 -20.103832297786827 1.8317716454572575
6.983465981869773 -24.09925107430686 3.8233560321031526
5.236315748513255 -19.13948608680592 9.851957351682406
7.342644609032295 -15.088419200826984 9.778631650864368
9.817587835922314 -33.63134939185402 3.3633590435108576
3.6119962669088563 -7.881561449098403 4.355391610794686
4.66041357074084 -20.024735493391034 7.24386826413292
-0.8628313426466544 -2.348486694696351 8.569065420309698
7.756314119414162 -28.348398441878867 1.5990447849164406
4.722530737505933 -17.552509816047237 3.3770829559593274
3.4875757339662172 -5.227189220495273 6.805139849993285
0.03479159398335385 5.024228989119438 2.01002785829591
8.78622063842937 -31.936198702338885 2.753017946367305
3.3450796404461207 3.8287198680301873 9.67433454509811
6.508397580301424 -9.289290678208989 9.661547574305283
0.6431157200496584 2.6201182232856746 8.055765410375733
9.577045924951358 -39.80048567999895 6.287070709820962
0.96285938004014 2.3238614387129277 1.8583627888121987
1.194961921894394 -1.64838957278316 2.093389656943307
8.44881146613485 -29.73136390534071 3.5260043293456715
9.038410185561244 -33.74061078798962 3.6372853598485757
1.3336214827563155 -4.918059717500253 3.2026008852365693
