data/heteroskedastic-1024.ecsv
# %ECSV 1.0
# ---
# datatype:
# - {name: x, datatype: float64}
# - {name: y, datatype: float64}
# - {name: y_err, datatype: float64}
# meta: !!omap
# - true_pars: [3.1999143760230253, -3.9503943772414374]
# schema: astropy-2.0
x y y_err
[from data line 856]
7.068443950191128 -23.102774075980214 2.560489637986065
8.662023071918817 -35.415511523845176 5.612730081423586
3.1695796454103573 -2.7263268283111284 2.155509426611143
4.6872143553437216 -17.642037435865358 2.141297435869035
7.158880515717084 -26.765849609698204 1.340373897858048
7.04249574318075 -23.83294929314911 1.544230799045638
7.6125614302869336 -16.03300218977015 7.087953813195399
5.26927200505679 -17.43530137834961 2.7943598882725023
0.1507660648525273 3.5713765253276577 1.6899263844515309
8.94370619965844 -42.72367766896041 5.7456755719116686
8.52129793253131 -32.88861233299593 3.5808087477994173
7.779071794001664 -28.657697213448014 1.0499195230633311
0.0984872487680244 -1.1154282983732249 2.0718650162163894
1.2483710378957211 -1.5558050824887815 1.5031468501473644
7.179604016184172 -35.31709176123952 4.527650142643182
-0.7454589595985892 3.65404001544066 1.8837837256570105
9.771470970780076 -36.02509613753899 1.1613062923785091
3.148591483912488 -10.181640905533662 1.134840925322878
6.912437870599059 -22.593832167056735 3.8170451580656293
8.763281973368477 -31.09725137554499 1.0512922326804188
3.3409287696509047 -3.6880356015210634 7.059795370651214
2.510457374596326 -5.641322250179158 1.4302011379589086
5.696152417880714 -14.691287053687253 4.041721040291837
5.390883111228558 -18.101541011731165 2.784120499301173
3.5005397538727685 -9.787275012800688 2.772372110175056
5.619522314544793 -18.395946744374324 1.1797694401909196
9.289195065231443 -32.59659402887841 6.3496860117025005
4.144042822892561 -16.27564546833491 7.817222704936742
1.1641639882569446 -1.739975909121953 1.0256912895486434
3.1492658117130428 -10.474381585145132 1.5087044652196715
3.3351768085243045 -6.596085291884134 8.015012219308254
0.44219562328841844 1.119877572224018 3.5439991805777558
0.791586506100104 -0.8640077009279191 1.4126662782617116
6.5301828073304495 -23.65323595195256 1.5951093201695703
2.7342552962979294 -13.133886768915907 4.57073712117598
9.503882310413884 -29.14984378748032 5.306605737508685
1.6795641989446817 -3.122456820799328 3.975820865287208
0.08816955615304545 -4.894051867883462 8.977354600509315
7.288550193002838 -23.07059282257956 3.119346387791273
8.69139657109657 -32.25347251019296 1.9965119415475534
2.0592469255863666 -9.155509936573782 3.000771386340804
1.2229691181002575 0.7063922169794832 2.2891080554333807
1.0434274835819588 -1.8225043660957814 1.676547616930205
4.742135315031636 -15.987937934298476 1.1116376548316051
4.152583053714481 -13.111764929245412 2.2501553026837358
1.8538382383998764 1.7554682226951979 5.1452839591872594
-0.5030957131163097 5.20824713439143 1.043368696843778
4.296404743589088 -17.068980385800028 2.7490238847577273
9.552655823991692 -32.140715015725576 4.405644005821257
6.1777112082792955 -23.182073016306855 4.077595198397933
4.450572122914803 -3.0931865041561446 5.97927373131761
0.21761281432577728 2.3330197487775566 6.4642733918523705
1.7767991960454599 -15.326888609854505 5.148797611112567
2.24251344531997 -5.206094730359508 1.267061503444023
7.4128390786795775 -20.27805496526541 2.98553690517923
8.643818769910812 -24.6233308526451 4.012416036421515
8.918060389230822 -28.807065654381944 1.7602163019049315
9.830254690758295 -36.75820259931999 1.1029398227578875
9.806033514149856 -34.01142265314541 1.673363612157974
9.482990460447796 -36.31955699837006 2.8503251295451277
-0.20995645446827182 4.611078756627454 2.5937631690119094
0.5157288952058571 -0.7493797065586076 1.50198979287261
2.3491317912363616 -10.381471004635008 6.674450901904199
5.081880794709076 -22.574429301084912 8.42726534871884
0.06675677576027228 4.364741133687954 1.5898213285712832
8.303766535823566 -22.79471201935304 8.50301441967548
5.7843179698504 -19.361981139913883 1.0419837814089041
4.9660084253242545 -27.77917580954702 8.413224400125394
0.8184245570402027 -2.8230375985314375 8.95217967401599
1.785810218402171 -4.6218517765641955 1.0281390701428426
0.7634322748048386 5.223430617282816 5.794544424473075
8.371264735742784 -18.869317360544134 9.336875601147787
5.4265064606734 -9.730939802597328 8.051971310634213
7.086423702715967 -31.853906242709158 9.347816127691953
2.2563614920102832 -15.44107698654007 3.5507778797622787
3.0837790079710485 -11.097584185696466 1.1971708672462769
3.453404608691872 -0.3829314600054636 7.076022379694766
7.3601646891843835 -27.52474511432956 4.109871617837424
7.495882864420249 -29.503621924056592 4.118477940897315
1.2749488026543487 2.4567639663486687 2.613687193120645
9.356927424119089 -29.04314553871855 3.7311437076303093
0.32720871188055034 1.9421314955490394 1.424228850800289
8.857342906659934 -33.401599572601135 5.492499506435178
0.10435210214790225 2.6306735758323834 1.1885495921551819
1.909937922664422 -3.125772869294415 5.36760769770285
8.311263896747526 -18.332002447624504 7.062824626353227
0.9744127958069618 0.6044966650187087 2.9680326735902782
3.549247244409668 -8.472545565491378 3.234672870326667
3.948452299385388 -9.998483161683877 2.052174434271076
1.697848703255306 -14.409709086176209 9.320915776594788
6.812697214695852 -19.62980797072596 5.409093325206261
8.364681143424242 -30.532805194752715 2.338775594738658
8.62032653841129 -34.61677715970746 1.4955722083677576
2.7325436031021706 -11.123175522793083 1.6579811635974249
4.839354337165959 -18.880365905896813 2.9101963126645036
1.7324704425221664 1.0101773338101496 8.761296950426072
1.6927615170515997 -2.8701586670117667 5.421835611511362
0.7737946913711653 0.4457601216926125 1.64151081416862
9.340209118882662 -19.57853397326623 7.237042672686914
8.76787711466138 -34.46840407803819 2.3889140407897167
7.550945846604614 -26.824284590103375 7.1075869738389095
4.694276734165019 -14.813207265326845 1.7446149831724371
4.396687070630591 -17.22857940816486 4.155857158366526
4.827202328007478 -15.630180175849075 8.446377506306073
4.902248149347982 -19.063244332040572 1.8108980836541564
3.7801939316745936 -4.781229577470332 4.930904491302079
0.4493031618127421 -5.1949109938481985 9.712088248693593
0.38230238155389584 4.563053868784922 1.4144848076113659
9.474746874302516 -34.268877840183336 1.2257510972976442
4.302338355449856 -8.94077626074332 4.722752563683482
9.485260773957078 -34.387149543242536 2.186431863097206
0.7993456548112098 0.005959289144697767 1.178269069801556
5.098582072439269 -18.686273983348062 2.98748420542048
1.2848897868669316 -1.2001824753198855 5.672450041447787
1.785030667392617 -3.238537553125538 1.9280682383068233
-0.6693996336270334 4.147993430954537 2.162951978962412
0.30848641814232447 1.1047475847545967 7.009699502021816
9.085332483921153 -34.71129374636071 3.3118595607149905
2.536862906305649 9.188491089503119 6.961967135079768
5.689421331060507 -19.526345596918905 2.795049426300889
4.115155451882003 0.8099926007499618 8.97377469663151
3.4049636976980615 -11.126448124921312 4.475015972012424
4.850747004806749 -15.623854206395157 1.305866753952322
1.0596283907687567 -11.12784594496497 7.675258092572351
9.874642883715342 -37.18807012437537 3.08507119512659
8.001386555742492 -28.117000509698364 1.3856034881352222
7.1577609600466685 -22.821854306314965 1.4213143271566813
4.156352267153477 -12.13824774148241 4.8700557755383205
0.6816483433896957 2.05032970237418 1.1152507057157535
9.127324441009247 -31.617054870379746 1.9346114994305998
2.755257741199004 -5.439099556063255 1.379709296132068
-0.4488264133337285 4.809936016028063 2.761070078782534
2.766440444916915 -1.5228969162906933 2.596293415924865
7.739027335454728 -28.986553182286233 3.325649185798666
5.84979619487029 -21.36832808189356 1.9038657850722147
7.259224432193456 -26.779595547610818 1.0765732619843218
7.729989222486152 -17.74406576907781 4.115154134826755
1.3315007218859685 -0.12254989915193394 2.3643839515767557
9.161616477024982 -34.48914114612445 4.480587869300177
3.8178856321240984 -10.278117905062983 1.2843014438594884
6.02915014190581 -19.9077485041928 1.032232087662481
-0.974603501545838 10.532601201049788 1.7713086680202235
9.927053482522957 -40.44451207485058 2.861194114289761
2.0898602456057063 -5.713375732207473 2.477832666508552
-0.31730582805829244 1.4650275087860356 6.461041867490852
4.040882456901653 -17.474185236511552 2.386918795005638
0.4193306290024592 5.139901457226339 3.3918854708316153
0.6755938117333328 -0.5294624538287731 3.922072274665262
5.955110943332312 -19.54736059507518 1.0515535445869189
3.322201307272566 -2.1972244954014757 3.2744124042158007
9.140376951704946 -33.68963739905527 2.2122350017143906
2.5107214406887706 -7.82944070606191 2.638032415106821
6.987981412222912 -24.255879871824376 1.259758793352437
4.072093731703983 -6.898947781398595 6.064857004486207
6.259464312422066 -26.4907030378745 8.757986084483704
5.596648923875894 -19.573214583491154 1.052613221247158
4.20062370034898 -9.17213509241755 3.993675396801196
9.450672040868808 -31.935754258235708 5.805559324531651
2.7698500703045146 -11.68160467019227 1.9266711249411896
0.9495905137419982 -8.064639610227637 6.1313426149396015
6.459034669678111 -15.877034004275224 4.288990168933747
8.306083174386997 -26.19801503198512 8.494985311398066
-0.5572088606608386 -1.8946659635845382 9.57204675677375
3.9459595726494863 -12.576044727517273 1.1024175388410928
8.81736458656059 -31.595279419285458 2.7857219167336815
7.245804808151543 -22.83143504723989 3.5236096246345623
9.90988488147391 -37.85230345747099 1.4019845678072798
4.845551927569682 -17.766055766632594 2.169131246435297
